360.532
360.532
360.532
360.009
360.009
360.009
358.986
358.986
358.986
357.91
357.91
357.5
357.5
357.5
357.548
357.548
357.548
357.652
357.652
354.981
354.981
350.279
350.279
343.058
343.058
331.047
331.047
317.045
317.045
296.433
296.433
234.939
234.939
234.939
209.274
204.431
204.431
204.431
227.966
227.966
227.966
331.28
331.28
331.28
365.145
365.145
435.186
435.186
435.186
505.914
520.408
520.408
520.408
520.778
520.778
520.778
493.897
493.897
463.796
463.796
421.788
421.788
392.112
392.112
392.112
368.461
368.461
353.193
344.953
344.953
341.724
341.724
340.792
340.792
341.37
341.37
341.498
341.498
340.634
340.634
340.814
340.814
340.25
340.25
340.751
340.751
340.464
340.464
340.054
340.054
340.054
339.771
339.771
339.771
