118.479
118.479
118.479
111.315
111.315
111.315
104.97
104.97
98.6301
98.6301
98.6301
92.8118
92.8118
92.8118
83.0717
83.0717
75.4907
75.4907
71.8824
71.8824
85.0093
85.0093
85.0093
105.472
105.472
158.299
236.21
291.234
291.234
291.234
329.317
329.317
351.191
351.191
351.191
360.4
360.4
338.548
338.548
338.548
309.544
309.544
255.021
255.021
255.021
177.754
177.754
177.754
118.744
118.744
118.744
100.486
100.486
90.8477
85.3233
83.4398
83.4398
84.7688
84.7688
84.7688
88.063
88.063
88.063
90.4174
94.1762
94.1762
94.1762
97.082
97.082
103.18
103.18
103.18
105.437
105.437
109.871
109.871
114.829
114.829
