1584.84
1584.84
1584.84
1540.38
1540.38
1503.92
1503.92
1471.95
1471.95
1442.73
1442.73
1416.37
1416.37
1416.37
1393.52
1393.52
1362.02
1362.02
1338.74
1338.74
1318.8
1318.8
1303.53
1303.53
1290.03
1290.03
1275.17
1275.17
1275.17
1259.93
1259.93
1227.3
1227.3
1197.65
1197.65
1173.15
1173.15
1149.87
1149.87
1138.95
1138.95
1138.95
1114.77
1114.77
1109.15
1109.15
1106.97
1106.97
1110.04
1110.04
1114.99
1114.99
1130.09
1130.09
1130.09
1139.21
1139.21
1148.86
1148.86
1160.21
1160.21
1172.23
1172.23
1187.63
1187.63
1187.63
1209.51
1209.51
1226.41
1226.41
1240.97
1240.97
1252.23
1252.23
1264.03
1264.03
1264.03
1275.54
1275.54
1287.56
1287.56
1300.39
1300.39
1314.02
1314.02
1314.02
1329.4
1329.4
1355.9
1355.9
1380.91
1380.91
1404.9
1404.9
1430.33
1430.33
1457.62
1457.62
1487.13
1487.13
1517.35
1517.35
1517.35
1562.68
1593.59
1593.59
1593.59
