1563.09
1563.09
1520.97
1520.97
1486.02
1486.02
1486.02
1441.3
1441.3
1421.64
1421.64
1402.32
1402.32
1386.24
1386.24
1372.72
1372.72
1359.33
1359.33
1359.33
1350.73
1350.73
1332.11
1332.11
1311.94
1311.94
1276.03
1276.03
1239.7
1239.7
1208.03
1208.03
1178.12
1178.12
1143.26
1143.26
1143.26
1124.19
1124.19
1116.52
1116.52
1111.88
1111.88
1111.88
1111.37
1111.37
1113.63
1113.63
1113.63
1120.69
1120.69
1127.8
1127.8
1127.8
1159.13
1159.13
1183.94
1183.94
1199.88
1199.88
1215.13
1215.13
1233.52
1233.52
1233.52
1245.62
1245.62
1252.17
1252.17
1255.97
1255.97
1263.3
1263.3
1263.3
1263.11
1263.11
1268.04
1268.04
1265.85
1265.85
1263.75
1263.75
1263.75
1278.3
1278.3
1278.3
1297.35
1297.35
1314.99
1346.06
1346.06
1346.06
1374.47
1413.04
1413.04
1413.04
1447.31
1447.31
1494.11
1494.11
1535.51
1590.53
1590.53
1590.53
1590.53
