353.779
353.777
353.777
353.774
353.811
353.811
353.888
353.888
353.956
353.956
354.389
354.389
354.484
354.484
355.347
355.347
356.279
356.279
357.557
357.557
357.776
357.776
357.776
361.117
361.117
352.747
352.747
332.354
332.354
297.684
297.684
266.568
266.568
238.235
238.235
221.816
221.816
210.868
210.868
215.805
215.805
223.428
223.428
245.874
245.874
284.478
284.478
331.34
331.34
369.98
369.98
408.654
408.654
408.654
444.695
444.695
476.352
476.352
503.046
503.046
517.732
517.732
521.555
506.955
506.955
485.605
485.605
457.857
457.857
413.162
413.162
391.15
391.15
391.15
361.39
361.39
361.39
361.442
361.442
358.837
358.837
358.837
348.294
348.294
348.294
340.995
338.451
338.451
338.451
336.493
336.493
335.626
335.626
335.277
335.277
333.958
333.953
333.953
334.014
334.2
334.48
334.48
334.444
334.444
333.822
335.828
337.277
337.277
