344.099
344.099
344.099
343.215
343.215
343.215
342.501
342.501
343.737
343.737
343.737
343.826
343.826
343.826
334.368
334.368
321.371
321.371
303.019
303.019
255.943
255.943
255.943
227.031
227.031
189.8
200.341
213.091
213.091
213.091
224.41
224.41
292.422
292.422
292.422
341.946
341.946
425.281
425.281
425.281
459.761
459.761
483.861
483.861
483.861
489.27
489.27
489.27
447.027
447.027
447.027
416.828
416.828
392.788
375.773
362.966
362.966
353.704
353.704
353.704
345.231
345.231
345.231
344.435
343.973
343.973
343.973
344.044
344.044
343.916
343.916
343.916
343.92
343.92
343.3
343.3
344.514
344.514
