147.015
147.015
143.388
143.388
140.106
140.106
140.106
134.028
134.028
127.864
127.864
121.632
121.632
116.183
116.183
116.183
107.524
107.524
101.079
101.079
96.5665
96.5665
99.3656
99.3656
107.798
107.798
122.78
122.78
144.636
144.636
144.636
174.577
174.577
209.055
209.055
247.967
247.967
247.967
281.892
281.892
318.696
318.696
318.696
342.658
342.658
354.142
354.142
354.142
352.71
352.71
340.079
305.927
305.927
305.927
251.421
251.421
209.008
209.008
175.794
175.794
147.102
147.102
125.758
125.758
125.758
109.561
109.561
99.6087
99.6087
94.434
94.434
91.9752
91.9752
91.9752
91.2523
91.2523
90.5961
90.5961
90.0963
90.0963
90.0963
90.0857
90.0857
91.3669
91.3669
92.9067
92.9067
93.8318
93.8318
93.8318
94.0909
94.0909
95.5443
95.5443
98.8156
98.8156
100.866
100.866
100.866
121.534
121.534
133.068
133.068
140.893
140.893
148.047
148.047
