1599.56
1599.56
1575.98
1575.98
1552.3
1552.3
1552.3
1517.95
1517.95
1488.72
1488.72
1463.45
1463.45
1439.48
1439.48
1439.48
1405.37
1405.37
1377.8
1377.8
1350.72
1350.72
1328.37
1328.37
1307.51
1307.51
1286.48
1286.48
1267.8
1267.8
1267.8
1253.4
1253.4
1221.71
1221.71
1202.5
1202.5
1202.5
1185.1
1185.1
1159.46
1159.46
1159.46
1147.26
1147.26
1128.36
1128.36
1128.36
1114.2
1114.2
1107.74
1111.13
1111.13
1111.13
1125.09
1125.09
1133.8
1133.8
1144.64
1144.64
1153.03
1153.03
1162.81
1162.81
1162.81
1172.36
1172.36
1182.63
1182.63
1193.33
1193.33
1203.9
1203.9
1203.9
1217.67
1217.67
1228.1
1228.1
1235.6
1235.6
1235.6
1247.33
1247.33
1259.17
1259.17
1272.78
1272.78
1287.56
1287.56
1287.56
1306.94
1306.94
1332.24
1332.24
1360.8
1360.8
1393.43
1393.43
1393.43
1443.32
1443.32
1487.88
1487.88
1529.79
1529.79
1567.73
1567.73
