356.961
356.961
356.562
356.562
356.562
356.148
356.148
356.42
356.42
356.711
356.711
355.393
355.393
353.927
353.927
353.927
349.899
349.899
344.113
344.113
337.201
337.201
324.74
324.74
305.691
305.691
305.691
305.691
260.78
260.78
227.545
227.545
227.545
218.127
218.127
218.127
224.694
224.694
243.998
243.998
243.998
293.789
293.789
338.525
338.525
380.355
380.355
417.938
417.938
444.531
444.531
470.262
470.262
488.817
488.817
498.316
498.316
498.316
493.33
493.33
493.33
481.077
481.077
465.194
465.194
465.194
465.194
435.89
435.89
411.566
411.566
389.197
389.197
369.143
369.143
369.143
363.483
363.483
356.002
356.002
356.002
349.587
349.587
346.346
346.346
343.628
343.628
342.294
342.294
341.387
341.387
341.116
341.116
341.116
340.123
340.123
339.37
339.37
339.37
338.317
338.317
337.434
337.434
337.127
337.127
336.396
336.396
335.567
335.567
335.567
336.597
337.378
337.378
337.378
338.084
338.084
339.284
339.284
341.252
341.252
342.965
342.965
343.69
343.69
