137.748
137.748
135.301
135.301
128.749
128.749
128.749
116.349
116.349
110.407
110.407
101.61
101.61
97.6317
97.6317
94.0925
94.0925
89.2744
89.2744
89.2744
78.7311
78.7311
88.3738
88.3738
83.6651
83.6651
99.5177
99.5177
107.518
107.518
113.991
113.991
132.709
132.709
165.975
165.975
165.975
207.044
207.044
254.756
254.756
294.957
294.957
294.957
327.004
327.004
351.367
351.367
351.367
357.933
357.933
352.478
352.478
352.478
319.588
319.588
287.285
287.285
252.097
252.097
219.494
219.494
174.8
174.8
174.8
141.6
141.6
114.527
114.527
94.312
94.312
95.4396
95.4396
95.4396
87.2984
87.2984
92.8849
92.8849
86.2196
86.2196
77.5976
77.5976
77.5976
92.5813
92.5813
92.5813
91.5592
91.5592
85.2107
82.8195
82.8195
82.8195
84.0199
87.1957
87.1957
87.1957
90.1863
90.1863
93.4992
93.4992
96.8752
101.904
101.904
101.904
101.904
