117.545
117.545
112.263
112.263
112.263
106.409
106.409
100.681
100.681
94.3439
94.3439
87.2591
87.2591
81.2261
81.2261
81.2261
76.2067
76.2067
71.5702
71.5702
83.285
83.285
82.4081
82.4081
77.0466
77.0466
77.0466
77.0466
109.29
109.29
142.863
142.863
142.863
193.542
193.542
193.542
245.338
245.338
287.09
287.09
287.09
320.449
320.449
336.284
336.284
338.032
338.032
329.18
329.18
310.209
310.209
286.712
286.712
257.76
257.76
228.309
228.309
228.309
167.967
167.967
167.967
140.95
140.95
118.767
118.767
118.767
118.767
97.0938
97.0938
103.065
103.065
96.7455
96.7455
84.805
84.805
84.805
95.5167
95.5167
90.8619
90.8619
90.8619
83.6467
83.6467
79.1658
79.1658
75.99
75.99
75.368
75.368
76.8599
76.8599
80.1387
80.1387
80.1387
83.1221
83.1221
85.3553
85.3553
85.3553
88.9761
88.9761
92.1577
92.1577
96.3059
96.3059
98.8196
98.8196
100.267
100.267
100.267
103.405
105.672
105.672
105.672
108.182
108.182
111.781
111.781
114.027
114.027
117.679
117.679
120.729
120.729
