352.268
352.268
352.268
352.676
352.676
353.214
353.214
352.354
352.354
351.553
351.553
349.962
349.962
349.962
346.799
346.799
336.426
336.426
324.96
324.96
310.408
310.408
286.255
286.255
261.589
261.589
236.126
236.126
236.126
211.79
211.79
197.959
197.959
192.746
192.746
196.879
196.879
213.195
213.195
243.017
243.017
243.017
307.51
307.51
359.001
359.001
406.483
406.483
443.824
443.824
472.395
472.395
498.271
498.271
498.271
513.272
513.272
515.66
515.66
506.922
506.922
490.254
490.254
466.262
466.262
466.262
425.091
425.091
392.666
392.666
368.675
368.675
355.454
355.454
348.108
348.108
348.108
345.076
345.076
343.499
343.499
342.656
342.656
342.511
342.511
342.511
342.507
342.507
345.184
345.184
346.653
346.653
347.439
347.439
347.987
347.987
347.885
347.885
347.358
347.358
347.252
347.252
347.252
357.78
354.508
354.508
354.508
