1587.72
1587.72
1587.72
1522.82
1522.82
1522.82
1475.36
1475.36
1433.61
1433.61
1433.61
1399.32
1399.32
1399.32
1347.28
1347.28
1311.86
1311.86
1287.34
1287.34
1250.17
1250.17
1250.17
1235.52
1235.52
1224.05
1206.95
1183.7
1183.7
1183.7
1163.3
1163.3
1155.79
1155.79
1155.79
1134.4
1134.4
1116.75
1116.75
1116.75
1119.02
1119.02
1145.59
1145.59
1145.59
1199.3
1199.3
1199.3
1234.97
1234.97
1234.97
1245.98
1245.98
1256.12
1265.86
1278.51
1278.51
1297.35
1297.35
1297.35
1334.04
1334.04
1334.04
1355.45
1391.43
1391.43
1391.43
1422.63
1422.63
1483.09
1483.09
1483.09
1512.63
1512.63
1559.17
1559.17
1596.54
1596.54
