162.049
162.049
162.049
161.613
161.613
155.524
155.524
151.445
151.445
151.445
149.742
149.742
145.606
145.606
144.091
144.091
142.241
142.241
140.245
140.245
140.023
140.023
140.023
139.337
139.337
138.109
138.109
125.649
125.649
117.914
117.914
109.547
109.547
109.547
113.656
113.656
118.79
118.79
133.124
133.124
133.124
178.338
178.338
178.338
238.133
238.133
320.689
320.689
340.01
340.01
340.01
351.221
351.221
362.229
362.229
348.772
348.772
333.366
333.366
333.366
311.081
311.081
291.142
291.142
291.142
233.77
233.77
201.583
201.583
201.583
172.695
172.695
147.06
103.608
103.608
103.608
97.439
97.439
97.8119
97.8119
94.7393
94.7393
97.0544
97.0544
97.0544
101.569
101.569
103.881
103.881
103.035
103.035
104
104
105.169
105.169
112.401
112.401
112.401
114.131
114.131
119.446
119.446
127.202
127.202
127.202
130.28
130.28
