1588.49
1588.49
1564.55
1564.55
1564.55
1542.9
1542.9
1519.88
1519.88
1483.41
1483.41
1483.41
1453.16
1453.16
1453.16
1413.96
1413.96
1413.96
1369.18
1369.18
1320.72
1320.72
1284.67
1284.67
1284.67
1254.28
1254.28
1226.54
1226.54
1203.63
1203.63
1203.63
1183.83
1183.83
1155.62
1155.62
1125.42
1125.42
1125.42
1088.52
1088.52
1060.27
1060.27
1034.32
1034.32
1013.81
1013.81
1001.16
1001.16
1001.16
988.885
988.885
975.608
975.608
971.14
971.14
971.14
969.399
969.399
969.252
969.252
981.489
981.489
1004.01
1004.01
1014.77
1014.77
1024.12
1024.12
1024.12
1033.57
1033.57
1044.13
1044.13
1078.17
1078.17
1078.17
1096.74
1096.74
1109.33
1109.33
1118.95
1118.95
1118.86
1118.86
1127.39
1127.39
1127.2
1127.2
1127.2
1136.97
1136.97
1139.3
1139.3
1139.3
1165.31
1165.31
1181.93
1181.93
1181.93
1195.33
1195.33
1211.39
1211.39
1229.41
1229.41
1249.04
1249.04
1270.19
1270.19
1270.19
1291.68
1291.68
1291.68
1324.86
1324.86
1352.8
1352.8
1385.92
1385.92
1385.92
1415.1
1415.1
1439.38
1439.38
1439.38
1460.32
1460.32
1480.93
1480.93
1507.73
1507.73
1527.51
1527.51
1543.57
1543.57
1543.57
1557.58
1557.58
1573.89
1573.89
1587.49
1587.49
