382.284
382.284
382.284
383.967
383.967
384.229
384.229
383.617
383.617
383.617
382.716
382.716
383.554
383.554
381.939
381.939
382.859
382.859
383.387
383.387
382.862
382.862
382.862
382.656
382.656
384.281
384.281
387.622
387.622
385.538
385.538
376.082
376.082
376.082
355.897
355.897
325.117
325.117
305.62
305.62
305.62
278.619
278.619
278.619
233.765
233.765
260.023
260.023
284.296
284.296
284.296
323.551
323.551
351.702
351.702
380.985
380.985
403.875
403.875
403.875
426.907
426.907
447.986
447.986
447.986
467.978
467.978
466.459
466.459
466.459
458.582
458.582
443.264
387.96
387.96
387.96
370.55
370.55
354.888
354.888
342.327
342.327
331.932
331.932
331.932
323.381
323.381
321.123
321.123
321.169
321.169
321.432
321.432
321.177
321.177
324.532
324.532
324.532
326.789
326.789
330.806
330.806
334.293
334.293
334.293
335.249
335.249
