354.553
354.553
355.127
355.127
355.139
355.139
355.139
355.475
355.475
356.687
356.687
356.63
356.63
356.113
356.113
356.113
349.425
349.425
337.985
337.985
323.424
323.424
300.37
300.37
277.073
277.073
254.072
254.072
232.352
232.352
232.352
213.906
213.906
210.124
210.124
219.539
219.539
219.539
227.388
227.388
247.615
247.615
247.615
307.539
307.539
350.177
350.177
350.177
389.376
389.376
423.668
457.804
457.804
457.804
480.997
480.997
486.187
486.187
481.369
481.369
469.793
469.793
453.4
453.4
453.4
432.418
432.418
410.581
410.581
389.528
389.528
372.51
372.51
372.51
358.559
358.559
351.241
351.241
347.289
347.289
347.289
346.894
346.894
348.313
348.313
349.942
349.942
350.912
350.912
350.912
352.189
352.189
354.054
354.054
355.744
355.744
356.99
356.99
356.99
364.604
364.604
369.008
369.008
370.161
370.161
370.078
370.078
