1589.95
1567.2
1567.2
1544.95
1523.27
1523.27
1500.48
1500.48
1478.28
1478.28
1457.53
1457.53
1435.69
1435.69
1415.87
1415.87
1394.93
1394.93
1373.44
1373.44
1330.72
1330.72
1330.72
1308.55
1308.55
1267.17
1267.17
1236.47
1236.47
1212.7
1212.7
1190.9
1190.9
1164.44
1164.44
1127.74
1127.74
1101.81
1101.81
1082.15
1082.15
1069.19
1069.19
1061.03
1061.03
1054.96
1054.96
1050.56
1050.56
1047.53
1047.53
1046.31
1046.31
1046.31
1045.14
1045.14
1043.81
1043.81
1053.61
1053.61
1063.66
1063.66
1072.12
1086.69
1086.69
1100.22
1100.22
1131.9
1131.9
1162.63
1162.63
1166.63
1166.63
1166.63
1182.93
1182.93
1182.93
1192.84
1192.84
1207.49
1207.49
1207.49
1234.68
1234.68
1234.68
1263.56
1280.16
1280.16
1280.16
1307.6
1307.6
1331.28
1331.28
1353.02
1353.02
1374.48
1406.24
1406.24
1452.72
1473.46
1493.54
1493.54
1512.52
1512.52
1551.47
1570.49
1589.32
1589.32
