129.856
125.269
125.269
121.054
116.953
116.953
113.068
113.068
109.293
109.293
105.593
105.593
100.53
100.53
96.8302
96.8302
92.8842
92.8842
87.7858
87.7858
78.0054
78.0054
78.0054
88.7955
88.7955
88.3063
88.3063
81.6285
81.6285
82.3394
82.3394
94.4657
94.4657
115.99
115.99
152.161
152.161
195.51
195.51
245.965
245.965
286.703
286.703
321.747
321.747
350.939
350.939
370.576
370.576
376.527
376.527
370.29
370.29
370.29
351.573
351.573
323.958
323.958
291.679
291.679
252.944
252.944
213.323
160.326
160.326
120.629
120.629
111.764
111.764
95.5905
95.5905
85.5387
85.5387
85.5387
85.3703
85.3703
85.3703
94.6065
94.6065
96.9629
96.9629
96.9629
83.9833
83.9833
83.9833
74.625
73.213
73.213
73.213
75.6757
75.6757
79.0553
79.0553
82.5205
82.5205
85.4854
88.8512
88.8512
95.1889
97.7819
101.808
101.808
104.93
104.93
111.658
115.724
119.813
119.813
