132.311
132.311
128.61
128.61
124.024
124.024
119.96
119.96
115.759
115.759
112.5
112.5
108.413
108.413
104.718
104.718
104.718
98.7564
98.7564
92.88
92.88
86.9043
86.9043
80.9606
80.9606
76.1889
76.1889
76.1889
88.7163
88.7163
88.7163
109.624
109.624
127.355
127.355
127.355
161.924
161.924
207.213
207.213
261.436
261.436
305.404
345.029
374.202
374.202
392.044
395.619
387.415
387.415
366.912
366.912
337.937
337.937
301.845
301.845
263.455
263.455
221.797
181.148
181.148
181.148
111.404
111.404
111.404
107.965
107.965
94.83
94.83
90.4077
90.4077
89.5333
89.5333
89.5333
90.6315
90.6315
86.7596
86.7596
86.7596
79.3212
88.0402
88.0402
88.0402
81.0317
81.0317
91.5568
91.5568
86.0164
86.0164
96.0186
96.0186
90.3999
90.3999
78.676
78.676
72.4783
72.4783
69.207
69.207
69.7317
69.7317
70.923
70.923
74.1776
74.1776
76.796
76.796
79.9725
79.9725
82.7078
82.7078
85.2761
85.2761
88.2847
88.2847
90.5285
90.5285
93.8254
93.8254
96.2388
96.2388
99.7338
99.7338
102.851
102.851
105.553
105.553
108.873
108.873
108.873
114.428
114.428
118.143
118.143
