361.326
361.326
358.258
358.258
354.564
354.564
354.564
348.132
348.132
346.189
346.189
344.217
344.217
343.55
343.55
342.474
342.474
341.326
341.326
341.326
338.666
338.666
336.009
336.009
327.518
327.518
305.691
305.691
276.171
276.171
243.35
243.35
213.071
213.071
197.308
197.308
197.308
187.938
187.938
196.17
196.17
212.132
212.132
212.132
236.6
236.6
273.988
273.988
273.988
333.683
333.683
378.799
378.799
378.799
433.884
433.884
466.127
466.127
485.623
485.623
493.484
493.484
488.126
488.126
488.126
477.608
477.608
461.868
461.868
443.754
443.754
421.139
421.139
421.139
401.395
401.395
386.16
386.16
373.241
373.241
361.724
361.724
361.724
359.604
359.604
359.604
354.535
354.535
349.224
345.837
345.837
345.837
344.325
343.107
343.107
343.107
342.189
342.189
342.29
342.29
342.549
342.971
342.971
342.971
342.971
