124.165
124.165
124.165
118.043
118.043
112.694
112.694
107.013
107.013
101.16
101.16
96.2098
96.2098
96.2098
91.6359
91.6359
85.0417
85.0417
79.9452
79.9452
78.3735
78.3735
82.6249
82.6249
93.674
93.674
113.615
113.615
113.615
138.68
138.68
179.063
179.063
225.913
225.913
270.419
270.419
312.856
312.856
345.772
345.772
345.772
378.016
378.016
386.811
386.811
381.958
381.958
362.164
362.164
334.475
334.475
301.438
301.438
301.438
263.189
263.189
224.387
224.387
187.753
187.753
154.419
154.419
127.257
127.257
127.257
106.667
106.667
97.4528
97.4528
93.6709
93.6709
91.7045
91.7045
90.9095
90.9095
90.9095
90.0035
90.0035
90.0854
90.0854
90.2448
90.2448
91.1921
91.1921
91.1921
91.9702
91.9702
93.253
93.253
95.0197
95.0197
97.2592
97.2592
99.5475
99.5475
102.778
102.778
105.184
105.184
107.275
107.275
107.275
132.452
129.815
129.815
129.815
