1589.32
1589.32
1589.32
1572.78
1572.78
1542.24
1542.24
1527.69
1527.69
1527.69
1521.81
1521.81
1517.73
1517.73
1519.82
1519.82
1510.43
1510.43
1498.81
1498.81
1499.29
1499.29
1499.29
1490.62
1490.62
1482.87
1482.87
1446.37
1446.37
1426.96
1426.96
1401.88
1401.88
1401.88
1384.43
1384.43
1359.97
1359.97
1332.28
1332.28
1332.28
1310.4
1310.4
1310.4
1226.77
1226.77
1229.71
1229.71
1242.26
1242.26
1242.26
1264.28
1264.28
1247.48
1247.48
1265.47
1265.47
1276.04
1276.04
1276.04
1319.19
1319.19
1325.44
1325.44
1325.44
1330.3
1330.3
1328.54
1328.54
1328.54
1327.85
1327.85
1330.28
1343.92
1343.92
1343.92
1341.85
1341.85
1338.44
1338.44
1334.47
1334.47
1329.54
1329.54
1329.54
1324.34
1324.34
1323.2
1323.2
1322.01
1322.01
1330.78
1330.78
1347.26
1347.26
1403.75
1403.75
1403.75
1439.86
1439.86
1533.73
1533.73
1558.12
1558.12
1558.12
1588.38
1588.38
