1586.7
1586.7
1586.7
1566.29
1566.29
1566.29
1532.31
1532.31
1532.31
1504.77
1504.77
1479.58
1479.58
1479.58
1445.31
1445.31
1445.31
1377.58
1377.58
1344.37
1344.37
1317.84
1317.84
1297.86
1297.86
1279.68
1279.68
1263.75
1263.75
1249.01
1249.01
1216.19
1216.19
1216.19
1153.69
1133.35
1133.35
1133.35
1096.48
1096.48
1096.48
1106.81
1106.81
1106.81
1087.33
1087.33
1063.77
1063.77
1063.77
1062.47
1071.64
1071.64
1071.64
1080.02
1080.02
1080.02
1090.89
1090.89
1101.23
1101.23
1132.35
1132.35
1143.08
1143.08
1143.08
1145.84
1145.84
1150.72
1164.89
1164.89
1183.13
1183.13
1205.1
1205.1
1228.71
1228.71
1268.31
1268.31
1304.25
1304.25
1335.77
1335.77
1365.74
1365.74
1407.72
1407.72
1441.65
1441.65
1473.14
1473.14
1473.14
1532.25
1532.25
1532.25
