347.888
347.888
347.204
347.204
346.43
346.43
346.887
346.887
346.327
346.327
346.415
346.415
346.236
346.236
347.04
347.04
347.04
347.877
347.877
348.598
348.598
349.963
349.963
349.929
349.929
347.195
347.195
347.195
346.183
346.183
346.183
329.935
329.935
299.552
299.552
299.552
260.707
260.707
240.943
240.943
227.318
227.318
221.708
244.922
282.059
282.059
326.941
365.318
407.33
407.33
446.133
446.133
476.548
476.548
503.346
503.346
519.425
519.425
525.033
520.033
520.033
520.033
485.834
485.834
485.834
456.072
456.072
432.762
432.762
408.594
408.594
389.629
389.629
389.629
375.793
375.793
357.246
357.246
357.246
349.627
352.272
352.272
352.272
348.558
348.558
352.612
352.612
348.838
348.838
353.399
353.399
349.996
349.996
344.629
344.629
340.494
340.494
337.922
337.922
336.696
336.696
335.926
335.926
335.489
335.489
334.833
334.833
334.5
334.5
333.175
333.175
332.62
332.62
332.281
332.281
331.306
331.306
331.723
331.723
331.801
331.801
331.373
331.373
331.363
331.363
331.524
331.524
331.921
331.921
331.921
334.01
334.01
335.567
335.567
