135.257
135.257
131.399
131.399
131.399
127.836
127.836
123.577
123.577
118.098
118.098
118.098
113.786
113.786
113.786
106.083
106.083
106.083
97.9364
97.9364
87.3615
87.3615
78.0783
78.0783
78.0783
88.2215
88.2215
85.3686
85.3686
78.6452
78.6452
78.6452
79.8414
79.8414
103.846
103.846
133.102
133.102
133.102
172.993
172.993
215.21
215.21
261.694
261.694
300.225
300.225
332.917
332.917
332.917
358.595
358.595
368.92
368.92
361.753
361.753
361.753
341.006
341.006
311.453
311.453
276.183
276.183
241.635
241.635
203.143
203.143
166.551
166.551
166.551
133.156
133.156
103.509
103.509
98.3257
98.3257
98.3257
93.2805
93.2805
91.731
91.731
93.6922
93.6922
84.3325
84.3325
92.1093
92.1093
84.5658
84.5658
84.5658
92.4678
92.4678
84.7262
84.7262
84.7262
95.6515
95.6515
90.8365
90.8365
90.8365
80.8306
80.8306
75.1754
75.1754
73.8774
73.8774
74.0352
74.0352
76.0666
76.0666
76.0666
78.0751
78.0751
78.0751
82.2677
82.2677
86.2266
86.2266
89.8124
89.8124
89.8124
93.3132
93.3132
96.3047
96.3047
96.3047
99.2679
99.2679
102.998
102.998
107.936
107.936
111.923
111.923
114.786
114.786
114.786
118.207
118.207
121.846
121.846
125.371
125.371
