353.597
353.597
353.263
353.263
353.263
353.699
353.699
355.04
355.04
354.641
354.641
354.641
354.864
354.864
354.864
355.064
355.064
355.064
354.364
354.364
350.757
350.757
345.728
345.728
345.728
342.885
342.885
332.268
332.268
310.743
310.743
310.743
282.307
282.307
241.972
241.972
211.751
211.751
211.751
198.062
198.062
190.485
190.485
202.181
202.181
217.222
217.222
251.699
251.699
251.699
299.252
299.252
360.822
360.822
414.841
414.841
414.841
460.136
460.136
495.368
495.368
518.396
518.396
530.446
530.446
533.966
533.966
528.371
528.371
528.371
516.681
516.681
498.477
498.477
458.065
458.065
458.065
426.637
426.637
401.866
401.866
384.787
384.787
368.977
368.977
366.771
366.771
361.25
361.25
361.25
363.512
363.512
359.609
359.609
359.609
362.958
362.958
359.047
359.047
359.047
353.287
353.287
349.681
349.681
346.689
346.689
345.252
345.252
344.426
344.426
344.426
343.405
343.405
343.405
342.344
342.344
342.467
342.467
342.197
342.197
342.197
342.449
342.449
342.896
342.896
342.896
342.811
342.811
343.974
343.974
345.313
345.313
347.254
347.254
348.506
348.506
348.506
350.443
350.443
351.311
351.311
352.973
352.973
