1582.67
1582.67
1560.91
1560.91
1537.25
1537.25
1514.82
1514.82
1492.36
1492.36
1470.72
1470.72
1448.35
1448.35
1426.78
1426.78
1426.78
1394.3
1394.3
1367.18
1367.18
1341.88
1341.88
1319.76
1319.76
1300.43
1300.43
1300.43
1279.73
1279.73
1279.73
1231.32
1231.32
1189.35
1189.35
1189.35
1140.27
1140.27
1108.9
1108.9
1074.67
1074.67
1050.49
1037.16
1027.76
1027.76
1020.23
1014.73
1009.05
1009.05
1004.59
1004.59
1002.99
1002.99
1007.49
1007.49
1014.53
1014.53
1020.43
1027.59
1027.59
1027.59
1051.98
1051.98
1051.98
1087.18
1087.18
1104.08
1104.08
1123.03
1123.03
1138.08
1138.08
1138.08
1148.93
1148.93
1158.02
1158.02
1158.02
1158.33
1164.29
1164.29
1164.29
1165.28
1165.28
1175.26
1175.26
1181.07
1181.07
1193.74
1193.74
1203.35
1203.35
1213.02
1213.02
1226.52
1226.52
1243.01
1243.01
1262.75
1262.75
1283.41
1283.41
1306.86
1306.86
1329.38
1329.38
1351.46
1351.46
1375.37
1375.37
1397.68
1397.68
1419.7
1419.7
1440.47
1440.47
1459.56
1459.56
1478.21
1478.21
1497.67
1497.67
1516.48
1516.48
1533.44
1533.44
1550.93
1550.93
1550.93
1576.64
1576.64
1596.61
1596.61
