1586.99
1586.99
1556.57
1556.57
1556.57
1528.14
1528.14
1500.12
1500.12
1471.53
1471.53
1445.06
1445.06
1419.31
1419.31
1419.31
1395.96
1395.96
1370.8
1370.8
1341.8
1341.8
1314.3
1314.3
1285.53
1285.53
1285.53
1285.53
1224.24
1224.24
1179.57
1179.57
1179.57
1138.78
1138.78
1138.78
1103.75
1103.75
1081.68
1081.68
1081.68
1069.73
1069.73
1066.2
1066.2
1068.53
1068.53
1073.04
1073.04
1084.23
1084.23
1105.55
1105.55
1118.17
1118.17
1128.24
1128.24
1128.24
1140.75
1140.75
1140.75
1145.16
1145.16
1149.89
1149.89
1149.89
1149.89
1159.89
1159.89
1181.97
1181.97
1190.66
1190.66
1193.7
1193.7
1193.7
1206.11
1206.11
1209.79
1209.79
1209.79
1213.1
1213.1
1217.98
1217.98
1226.08
1226.08
1236.88
1236.88
1249.65
1249.65
1271.53
1271.53
1271.53
1291.65
1291.65
1308.49
1308.49
1308.49
1337.81
1337.81
1362.59
1362.59
1384.98
1384.98
1406.77
1406.77
1426.82
1426.82
1426.82
1448.13
1467.99
1467.99
1467.99
1488.26
1488.26
1510.29
1510.29
1528.55
1528.55
1549.97
1549.97
1570.6
1570.6
