138.974
138.974
138.974
136.608
136.608
136.608
131.236
131.236
131.236
126.449
126.449
122.705
122.705
122.705
117.932
117.932
117.932
106.157
106.157
98.9538
98.9538
91.4114
91.4114
86.8008
86.8008
83.5481
83.5481
81.6195
81.6195
84.7411
84.7411
123.649
123.649
123.649
197.639
235.946
235.946
235.946
312.543
312.543
312.543
358.459
358.459
358.459
371.684
371.684
363.704
363.704
363.704
286.803
250.968
250.968
250.968
179.68
179.68
179.68
134.82
134.82
104.863
104.863
106.596
106.596
98.2964
98.2964
98.2964
86.4514
86.4514
79.5629
78.0438
78.0438
78.8992
78.8992
82.2304
82.2304
85.015
85.015
89.4077
89.4077
94.5972
94.5972
99.0542
99.0542
103.359
103.359
109.044
109.044
113.495
113.495
117.506
117.506
117.506
126.262
126.262
126.262
